count,unique,top,freq,mean,std,min,25%,50%,75%,max
1309.0,,,,655.0,378.0200611960517,1.0,328.0,655.0,982.0,1309.0
891.0,,,,0.3838383838383838,0.4865924542648585,0.0,0.0,0.0,1.0,1.0
1309.0,,,,2.294881588999236,0.8378360189701319,1.0,2.0,3.0,3.0,3.0
1309,1307,"Kelly, Mr. James",2,,,,,,,
1309,2,male,843,,,,,,,
1046.0,,,,29.881137667304014,14.413493211271334,0.17,21.0,28.0,39.0,80.0
1309.0,,,,0.4988540870893812,1.0416583905960977,0.0,0.0,0.0,1.0,8.0
1309.0,,,,0.3850267379679144,0.8655602753495125,0.0,0.0,0.0,0.0,9.0
1309,929,CA. 2343,11,,,,,,,
1308.0,,,,33.29547928134557,51.75866823917414,0.0,7.8958,14.4542,31.275,512.3292
295,186,C23 C25 C27,6,,,,,,,
1307,3,S,914,,,,,,,
1309,2,train,891,,,,,,,
1309.0,,,,0.8838808250572956,1.5836390865436247,0.0,0.0,0.0,1.0,10.0
